%! Adobe -PS
488,333333 520,000000 moveto
421,666667 520,000000 lineto
421,666667 453,333333 lineto
488,333333 453,333333 lineto
488,333333 520,000000 lineto
0,000000 1,000000 0,000000 setrgbcolor
closepath
fill
0 setgray
488,333333 520,000000 moveto
421,666667 520,000000 lineto
421,666667 453,333333 lineto
488,333333 453,333333 lineto
488,333333 520,000000 lineto
stroke
421,666667 520,000000 moveto
321,666667 520,000000 lineto
321,666667 453,333333 lineto
421,666667 453,333333 lineto
421,666667 520,000000 lineto
1,000000 0,978261 0,021739 setrgbcolor
closepath
fill
0 setgray
421,666667 520,000000 moveto
321,666667 520,000000 lineto
321,666667 453,333333 lineto
421,666667 453,333333 lineto
421,666667 520,000000 lineto
stroke
321,666667 520,000000 moveto
255,000000 520,000000 lineto
255,000000 453,333333 lineto
321,666667 453,333333 lineto
321,666667 520,000000 lineto
0,000000 0,956522 0,043478 setrgbcolor
closepath
fill
0 setgray
321,666667 520,000000 moveto
255,000000 520,000000 lineto
255,000000 453,333333 lineto
321,666667 453,333333 lineto
321,666667 520,000000 lineto
stroke
255,000000 520,000000 moveto
188,333333 520,000000 lineto
188,333333 420,000000 lineto
255,000000 453,333333 lineto
255,000000 520,000000 lineto
1,000000 0,934783 0,065217 setrgbcolor
closepath
fill
0 setgray
255,000000 520,000000 moveto
188,333333 520,000000 lineto
188,333333 420,000000 lineto
255,000000 453,333333 lineto
255,000000 520,000000 lineto
stroke
188,333333 420,000000 moveto
88,333333 420,000000 lineto
88,333333 386,666667 lineto
188,333333 386,666667 lineto
188,333333 420,000000 lineto
0,000000 0,913043 0,086957 setrgbcolor
closepath
fill
0 setgray
188,333333 420,000000 moveto
88,333333 420,000000 lineto
88,333333 386,666667 lineto
188,333333 386,666667 lineto
188,333333 420,000000 lineto
stroke
255,000000 453,333333 moveto
188,333333 420,000000 lineto
188,333333 386,666667 lineto
255,000000 386,666667 lineto
255,000000 453,333333 lineto
1,000000 0,891304 0,108696 setrgbcolor
closepath
fill
0 setgray
255,000000 453,333333 moveto
188,333333 420,000000 lineto
188,333333 386,666667 lineto
255,000000 386,666667 lineto
255,000000 453,333333 lineto
stroke
321,666667 453,333333 moveto
255,000000 453,333333 lineto
255,000000 386,666667 lineto
288,333333 386,666667 lineto
321,666667 453,333333 lineto
0,000000 0,869565 0,130435 setrgbcolor
closepath
fill
0 setgray
321,666667 453,333333 moveto
255,000000 453,333333 lineto
255,000000 386,666667 lineto
288,333333 386,666667 lineto
321,666667 453,333333 lineto
stroke
488,333333 453,333333 moveto
421,666667 453,333333 lineto
455,000000 386,666667 lineto
521,666667 386,666667 lineto
488,333333 453,333333 lineto
1,000000 0,847826 0,152174 setrgbcolor
closepath
fill
0 setgray
488,333333 453,333333 moveto
421,666667 453,333333 lineto
455,000000 386,666667 lineto
521,666667 386,666667 lineto
488,333333 453,333333 lineto
stroke
521,666667 386,666667 moveto
455,000000 386,666667 lineto
455,000000 320,000000 lineto
521,666667 320,000000 lineto
521,666667 386,666667 lineto
0,000000 0,826087 0,173913 setrgbcolor
closepath
fill
0 setgray
521,666667 386,666667 moveto
455,000000 386,666667 lineto
455,000000 320,000000 lineto
521,666667 320,000000 lineto
521,666667 386,666667 lineto
stroke
455,000000 386,666667 moveto
421,666667 386,666667 lineto
388,333333 320,000000 lineto
455,000000 320,000000 lineto
455,000000 386,666667 lineto
1,000000 0,804348 0,195652 setrgbcolor
closepath
fill
0 setgray
455,000000 386,666667 moveto
421,666667 386,666667 lineto
388,333333 320,000000 lineto
455,000000 320,000000 lineto
455,000000 386,666667 lineto
stroke
255,000000 386,666667 moveto
188,333333 386,666667 lineto
188,333333 320,000000 lineto
255,000000 320,000000 lineto
255,000000 386,666667 lineto
0,000000 0,782609 0,217391 setrgbcolor
closepath
fill
0 setgray
255,000000 386,666667 moveto
188,333333 386,666667 lineto
188,333333 320,000000 lineto
255,000000 320,000000 lineto
255,000000 386,666667 lineto
stroke
188,333333 386,666667 moveto
88,333333 386,666667 lineto
121,666667 320,000000 lineto
188,333333 320,000000 lineto
188,333333 386,666667 lineto
1,000000 0,760870 0,239130 setrgbcolor
closepath
fill
0 setgray
188,333333 386,666667 moveto
88,333333 386,666667 lineto
121,666667 320,000000 lineto
188,333333 320,000000 lineto
188,333333 386,666667 lineto
stroke
121,666667 320,000000 moveto
55,000000 320,000000 lineto
55,000000 253,333333 lineto
121,666667 253,333333 lineto
121,666667 320,000000 lineto
0,000000 0,739130 0,260870 setrgbcolor
closepath
fill
0 setgray
121,666667 320,000000 moveto
55,000000 320,000000 lineto
55,000000 253,333333 lineto
121,666667 253,333333 lineto
121,666667 320,000000 lineto
stroke
188,333333 320,000000 moveto
121,666667 320,000000 lineto
121,666667 253,333333 lineto
188,333333 253,333333 lineto
188,333333 320,000000 lineto
1,000000 0,717391 0,282609 setrgbcolor
closepath
fill
0 setgray
188,333333 320,000000 moveto
121,666667 320,000000 lineto
121,666667 253,333333 lineto
188,333333 253,333333 lineto
188,333333 320,000000 lineto
stroke
255,000000 320,000000 moveto
188,333333 320,000000 lineto
188,333333 253,333333 lineto
288,333333 253,333333 lineto
255,000000 320,000000 lineto
0,000000 0,695652 0,304348 setrgbcolor
closepath
fill
0 setgray
255,000000 320,000000 moveto
188,333333 320,000000 lineto
188,333333 253,333333 lineto
288,333333 253,333333 lineto
255,000000 320,000000 lineto
stroke
455,000000 320,000000 moveto
388,333333 320,000000 lineto
355,000000 253,333333 lineto
421,666667 253,333333 lineto
455,000000 320,000000 lineto
1,000000 0,673913 0,326087 setrgbcolor
closepath
fill
0 setgray
455,000000 320,000000 moveto
388,333333 320,000000 lineto
355,000000 253,333333 lineto
421,666667 253,333333 lineto
455,000000 320,000000 lineto
stroke
521,666667 320,000000 moveto
455,000000 320,000000 lineto
421,666667 253,333333 lineto
488,333333 253,333333 lineto
521,666667 320,000000 lineto
0,000000 0,652174 0,347826 setrgbcolor
closepath
fill
0 setgray
521,666667 320,000000 moveto
455,000000 320,000000 lineto
421,666667 253,333333 lineto
488,333333 253,333333 lineto
521,666667 320,000000 lineto
stroke
488,333333 253,333333 moveto
421,666667 253,333333 lineto
421,666667 186,666667 lineto
488,333333 186,666667 lineto
488,333333 253,333333 lineto
1,000000 0,630435 0,369565 setrgbcolor
closepath
fill
0 setgray
488,333333 253,333333 moveto
421,666667 253,333333 lineto
421,666667 186,666667 lineto
488,333333 186,666667 lineto
488,333333 253,333333 lineto
stroke
421,666667 253,333333 moveto
355,000000 253,333333 lineto
355,000000 186,666667 lineto
421,666667 186,666667 lineto
421,666667 253,333333 lineto
0,000000 0,608696 0,391304 setrgbcolor
closepath
fill
0 setgray
421,666667 253,333333 moveto
355,000000 253,333333 lineto
355,000000 186,666667 lineto
421,666667 186,666667 lineto
421,666667 253,333333 lineto
stroke
355,000000 253,333333 moveto
321,666667 253,333333 lineto
288,333333 186,666667 lineto
355,000000 186,666667 lineto
355,000000 253,333333 lineto
1,000000 0,586957 0,413043 setrgbcolor
closepath
fill
0 setgray
355,000000 253,333333 moveto
321,666667 253,333333 lineto
288,333333 186,666667 lineto
355,000000 186,666667 lineto
355,000000 253,333333 lineto
stroke
188,333333 253,333333 moveto
121,666667 253,333333 lineto
121,666667 186,666667 lineto
188,333333 186,666667 lineto
188,333333 253,333333 lineto
0,000000 0,565217 0,434783 setrgbcolor
closepath
fill
0 setgray
188,333333 253,333333 moveto
121,666667 253,333333 lineto
121,666667 186,666667 lineto
188,333333 186,666667 lineto
188,333333 253,333333 lineto
stroke
121,666667 253,333333 moveto
55,000000 253,333333 lineto
55,000000 186,666667 lineto
121,666667 186,666667 lineto
121,666667 253,333333 lineto
1,000000 0,543478 0,456522 setrgbcolor
closepath
fill
0 setgray
121,666667 253,333333 moveto
55,000000 253,333333 lineto
55,000000 186,666667 lineto
121,666667 186,666667 lineto
121,666667 253,333333 lineto
stroke
421,666667 186,666667 moveto
355,000000 186,666667 lineto
355,000000 120,000000 lineto
388,333333 120,000000 lineto
421,666667 186,666667 lineto
0,000000 0,521739 0,478261 setrgbcolor
closepath
fill
0 setgray
421,666667 186,666667 moveto
355,000000 186,666667 lineto
355,000000 120,000000 lineto
388,333333 120,000000 lineto
421,666667 186,666667 lineto
stroke
355,000000 186,666667 moveto
288,333333 186,666667 lineto
288,333333 120,000000 lineto
355,000000 120,000000 lineto
355,000000 186,666667 lineto
1,000000 0,500000 0,500000 setrgbcolor
closepath
fill
0 setgray
355,000000 186,666667 moveto
288,333333 186,666667 lineto
288,333333 120,000000 lineto
355,000000 120,000000 lineto
355,000000 186,666667 lineto
stroke
288,333333 186,666667 moveto
255,000000 186,666667 lineto
221,666667 120,000000 lineto
288,333333 120,000000 lineto
288,333333 186,666667 lineto
0,000000 0,478261 0,521739 setrgbcolor
closepath
fill
0 setgray
288,333333 186,666667 moveto
255,000000 186,666667 lineto
221,666667 120,000000 lineto
288,333333 120,000000 lineto
288,333333 186,666667 lineto
stroke
255,000000 186,666667 moveto
188,333333 186,666667 lineto
155,000000 120,000000 lineto
221,666667 120,000000 lineto
255,000000 186,666667 lineto
1,000000 0,456522 0,543478 setrgbcolor
closepath
fill
0 setgray
255,000000 186,666667 moveto
188,333333 186,666667 lineto
155,000000 120,000000 lineto
221,666667 120,000000 lineto
255,000000 186,666667 lineto
stroke
188,333333 186,666667 moveto
121,666667 186,666667 lineto
121,666667 120,000000 lineto
155,000000 120,000000 lineto
188,333333 186,666667 lineto
0,000000 0,434783 0,565217 setrgbcolor
closepath
fill
0 setgray
188,333333 186,666667 moveto
121,666667 186,666667 lineto
121,666667 120,000000 lineto
155,000000 120,000000 lineto
188,333333 186,666667 lineto
stroke
1,000000 0,000000 0,000000 setrgbcolor
188,333333 320,000000 moveto
188,333333 320,000000 5,000000 0 360 arc fill
0,000000 0,000000 1,000000 setrgbcolor
121,666667 253,333333 moveto
121,666667 253,333333 5,000000 0 360 arc fill
121,666667 320,000000 moveto
121,666667 320,000000 5,000000 0 360 arc fill
188,333333 386,666667 moveto
188,333333 386,666667 5,000000 0 360 arc fill
188,333333 253,333333 moveto
188,333333 253,333333 5,000000 0 360 arc fill
288,333333 253,333333 moveto
288,333333 253,333333 5,000000 0 360 arc fill
255,000000 386,666667 moveto
255,000000 386,666667 5,000000 0 360 arc fill
88,333333 386,666667 moveto
88,333333 386,666667 5,000000 0 360 arc fill
255,000000 320,000000 moveto
255,000000 320,000000 5,000000 0 360 arc fill
showpage
